Random numbers drawn from Gaussian with mu = 4 0. 0 and sigma = 2. 0
1  37.610058191569884
2  39.925395250075724
3  39.60963133092645
4  42.46693669894059
5  40.27574209633052
6  39.560716110362435
7  37.439552508324624
8  37.45358294214187
9  42.863326650043945
10  40.63672353538869
11  39.65936356310839
12  39.83102491017156
13  40.84929834728666
14  40.86297090635132
15  37.669984037906524
16  38.174180205169975
17  39.44205642603974
18  43.70411146000622
19  38.544435487300944
20  42.46063034960693
21  40.502136655106355
22  40.823413568283236
23  37.78592966428615
24  37.74818435779925
25  41.54890153898016
26  37.39944548577831
27  36.27178409992907
28  39.21114753380464
29  39.524307366329545
30  41.48951255464246
31  42.178166410290224
32  38.812936442678826
33  40.84668276540268
34  39.68777628936466
35  39.879950533244525
36  39.69298186996092
37  41.830577668121876
38  41.55548169986953
39  43.18141370825786
40  39.0515423784464
41  42.92755781311271
42  44.75086964103947
43  42.108059709573794
44  35.20557038374194
45  37.167929202900766
46  38.49937459351773
47  39.97147063386876
48  39.73472976928013
49  40.74251731899025
50  38.0457807366029
51  39.9350395612035
52  39.770740094629296
53  41.75729204666638
54  36.0721211403298
55  37.451841158727404
56  40.20211417932802
57  37.71687032133325
58  43.16425378338488
59  41.078687405451895
60  41.183406572658775