Random numbers drawn from Gaussian with mu = 4 0. 0 and sigma = 2. 0
1  40.79431882610072
2  43.00712577711589
3  35.89724850535883
4  40.88381372008665
5  39.03500099483184
6  38.61361440528958
7  37.352297819233165
8  40.424976239766615
9  39.52701843977619
10  36.652403413564905
11  43.68140093422555
12  40.56832264777632
13  41.7608990792986
14  36.55752524166108
15  38.53357107081844
16  39.06792280127983
17  41.32118354423385
18  39.20252065652798
19  35.88663941063176
20  38.24560568739996
21  37.25756928694684
22  43.2066737927324
23  40.8256414806032
24  40.57012227741768
25  37.18068778428741
26  41.340557031756674
27  40.19724101384458
28  42.82511182800534
29  39.90198832694878
30  39.56309759053814
31  38.60190436758473
32  39.931424662467556
33  40.10415907209433
34  44.847322954090814
35  41.93268460612861
36  38.44387933682566
37  38.16933525024113
38  43.06391263648774
39  38.489326304696455
40  43.25325130294218
41  38.63169492213096
42  41.478446198726736
43  37.67380035174712
44  42.11551534435812
45  38.38112780785061
46  37.12630053589773
47  37.87669437735987
48  38.29205933903818
49  38.346140793379725
50  40.420435265362705
51  43.67110872269413
52  41.65253694644066
53  36.77735870730849
54  38.49998823398144
55  39.176132903835125
56  42.07870543235423
57  39.71003755739246
58  39.609149746548944
59  40.59873277856243
60  37.12317172289558